PLOT_HEIGHT <- 600
SPINNER_COLOR <- "#004794"